2 0.3259548611111111 0.5172526041666666 0.05288628472222223 0.21169704861111116
2 0.36885127314814814 0.5189525462962963 0.05254629629629637 0.25459346064814814
2 0.554296875 0.5120442708333334 0.056987847222222276 0.291015625
2 0.4107421875 0.5226779513888888 0.047721354166666674 0.2581380208333335
2 0.22123119212962966 0.5406177662037037 0.07364728009259258 0.4278428819444444
2 0.48461371527777775 0.5406177662037037 0.08463541666666674 0.445240162037037
2 0.7195240162037038 0.4871238425925926 0.08028067129629646 0.41467737268518523
2 0.10631510416666667 0.5276692708333333 0.02935474537037036 0.1377676504629628
2 0.1492404513888889 0.527416087962963 0.02237413194444443 0.12749565972222232
2 0.1658275462962963 0.5271629050925926 0.03910590277777781 0.13751446759259256
2 0.8783347800925926 0.4714084201388889 0.24235387731481484 0.9428168402777778