2 0.3349609375 0.5341796875 0.0478515625 0.2021484375
2 0.376953125 0.5400390625 0.0478515625 0.2431640625
2 0.5576171875 0.5458984375 0.0517578125 0.2783203125
2 0.4169921875 0.5458984375 0.04296875 0.248046875
2 0.2333984375 0.5498046875 0.06640625 0.4111328125
2 0.490234375 0.568359375 0.076171875 0.4267578125
2 0.7177734375 0.533203125 0.072265625 0.396484375
2 0.12109375 0.529296875 0.02734375 0.1318359375
2 0.162109375 0.53125 0.0205078125 0.1220703125
2 0.1787109375 0.5322265625 0.0361328125 0.130859375
2 0.880859375 0.5 0.2373046875 1