2 0.49340277777777775 0.5457248263888889 0.09663628472222219 0.37868923611111116
2 0.5518229166666666 0.5385633680555556 0.09952256944444438 0.35666232638888884
2 0.7321180555555555 0.5294270833333333 0.10822482638888875 0.40006510416666674
2 0.6542317708333334 0.5501302083333333 0.10190972222222205 0.3617187500000001
2 0.41998697916666666 0.5059895833333333 0.06532118055555558 0.23348524305555562
2 0.27562934027777775 0.609375 0.10551215277777781 0.3804470486111111
2 0.2055121527777778 0.5181640625 0.056835937500000044 0.2143229166666667
2 0.8984646267361112 0.620920138888889 0.20307074652777768 0.6226562499999999
2 0.16935763888888888 0.5322048611111111 0.055902777777777746 0.19292534722222232
2 0.07120225694444444 0.6127821180555555 0.06671006944444444 0.379904513888889
2 0.37515190972222223 0.5109592013888888 0.053732638888888906 0.21210937500000004
2 0.34934895833333335 0.5860894097222222 0.10883246527777779 0.40690104166666674
2 0.9799696180555555 0.5733289930555556 0.04006076388888902 0.6877170138888888
2 0.5862630208333333 0.44986979166666663 0.029058159722222143 0.11981336805555554
2 0.4375 0.44832899305555557 0.02582465277777779 0.09433593750000002
2 0.6641493055555556 0.3848741319444444 0.03652343750000009 0.07300347222222214
2 0.6143012152777778 0.45525173611111114 0.03975694444444455 0.1420789930555555
2 0.8259548611111112 0.3891927083333333 0.062413194444444375 0.13537326388888893
3 0.7576605902777778 0.18046875 0.32000868055555554 0.3609375
3 0.31905381944444444 0.30614149305555555 0.22013888888888888 0.6122829861111111
3 0.5989800347222223 0.3050347222222222 0.09871961805555562 0.1841362847222222
3 0.4249131944444444 0.3067274305555555 0.09370659722222219 0.2040364583333334