2 0.46379484953703703 0.5230396412037037 0.1152922453703703 0.3612919560185186
2 0.71640625 0.4730541087962963 0.07508680555555558 0.23625578703703698
2 0.9552481192129629 0.5194227430555556 0.08950376157407414 0.4207899305555556
2 0.5758825231481481 0.46882233796296297 0.06966869212962967 0.24967447916666663
2 0.9212239583333333 0.5156611689814815 0.08663194444444455 0.347583912037037
2 0.16999421296296297 0.41974103009259256 0.07168692129629628 0.24099392361111116
2 0.41861979166666663 0.45326967592592593 0.07206307870370376 0.26338252314814814
2 0.8128399884259259 0.684154369212963 0.22821180555555554 0.631691261574074
2 0.8698640046296297 0.48943865740740744 0.07600549768518516 0.27325665509259256
2 0.6875072337962963 0.4476634837962963 0.06316550925925934 0.2338686342592593
2 0.9914966724537038 0.5722294560185186 0.01700665509259247 0.4227792245370372
2 0.36398292824074074 0.5173972800925926 0.10132378472222225 0.3860677083333335
2 0.6220847800925926 0.4734519675925926 0.07455150462962967 0.24985532407407407
2 0.12892795138888888 0.6125578703703703 0.2101924189814815 0.7748842592592593
2 0.6539424189814815 0.48046875 0.06518373842592595 0.22518807870370372
2 0.5400173611111112 0.46068431712962965 0.07172309027777768 0.25072337962962954
3 0.23626302083333334 0.14883535879629628 0.3387369791666667 0.29271556712962965
3 0.7242549189814815 0.22041377314814817 0.23366608796296306 0.3958333333333333
3 0.6081235532407407 0.2637803819444444 0.12233072916666665 0.23216869212962965
3 0.4361183449074074 0.2749204282407407 0.10373263888888884 0.19354021990740744