2 0.6078197337962963 0.5821397569444444 0.12409577546296302 0.5308449074074075
2 0.7223307291666667 0.5345196759259259 0.05682146990740744 0.26924913194444455
2 0.7943431712962963 0.5793764467592593 0.09856047453703698 0.44750434027777786
2 0.8426287615740741 0.5112413194444445 0.07595486111111116 0.3378544560185186
2 0.14442274305555555 0.6280888310185185 0.14558015046296297 0.5575159143518518
2 0.3429904513888889 0.581177662037037 0.08025896990740744 0.4013599537037038
2 0.9960575810185186 0.5410373263888889 0.007884837962962798 0.16639178240740748
2 0.40914351851851855 0.5733579282407407 0.0703125 0.42268518518518516
2 0.48415798611111116 0.5673611111111111 0.13733362268518512 0.598386863425926
2 0.9725477430555556 0.5366753472222222 0.02647569444444442 0.10873119212962967
2 0.2706886574074074 0.6076533564814814 0.16171151620370372 0.5977719907407408