2 0.5296875 0.5906177662037038 0.11045283564814823 0.544169560185185
2 0.649168113425926 0.5411892361111111 0.049891493055555625 0.2768084490740741
2 0.7201171875000001 0.5849754050925926 0.0873625578703705 0.4585431134259259
2 0.7723813657407408 0.5150824652777778 0.06700665509259274 0.3466362847222222
2 0.05920319733796296 0.6446903935185185 0.11840639467592592 0.5709707754629629
2 0.2582392939814815 0.5937789351851852 0.06944444444444442 0.4121238425925926
2 0.9449869791666667 0.5431640625 0.03447627314814827 0.1728587962962962
2 0.32664207175925924 0.5858940972222222 0.059837962962962954 0.43331886574074074
2 0.403833912037037 0.5777488425925925 0.12268518518518512 0.6138527199074075
2 0.9040147569444444 0.5385199652777778 0.024254918981481577 0.11104600694444433
2 0.18382523148148147 0.6223451967592593 0.14709201388888887 0.6135995370370371