2 0.59765625 0.57421875 0.0810546875 0.44140625
2 0.4716796875 0.5419921875 0.03515625 0.234375
2 0.6669921875 0.5439453125 0.046875 0.26171875
2 0.796875 0.5400390625 0.056640625 0.3125
2 0.525390625 0.5634765625 0.076171875 0.4296875
2 0.7529296875 0.5654296875 0.0576171875 0.3310546875
2 0.265625 0.6015625 0.1015625 0.4501953125
2 0.1962890625 0.5693359375 0.0732421875 0.4560546875
2 0.3505859375 0.5859375 0.0927734375 0.478515625
2 0.9423828125 0.5478515625 0.03125 0.1611328125
2 0.1005859375 0.5751953125 0.0927734375 0.44140625