1 0.21859809027777777 0.5343822337962962 0.16629774305555556 0.2134186921296295
1 0.387109375 0.4705439814814815 0.14292534722222228 0.19157986111111114
1 0.36150173611111114 0.6874710648148148 0.16666666666666674 0.2436342592592593
1 0.07048611111111111 0.3081669560185185 0.11486545138888887 0.15193142361111112
1 0.6001953124999999 0.5724754050925926 0.1841796874999999 0.2651258680555557
1 0.8225477430555556 0.8168113425925927 0.21234809027777768 0.28530092592592604
1 0.42801649305555556 0.8401909722222223 0.21527777777777768 0.28547453703703685
1 0.8390625 0.3732638888888889 0.14861111111111125 0.1880208333333333
1 0.45390625 0.2550925925925926 0.12717013888888895 0.14389467592592597
4 0.2809027777777778 0.3720703125 0.13886718750000004 0.20984519675925928
1 0.9551215277777778 0.30703125 0.08975694444444438 0.20133101851851853
1 0.029014756944444445 0.14612991898148148 0.049826388888888885 0.11301359953703705
1 0.030490451388888888 0.267455150462963 0.04296875 0.13403501157407405