2 0.9599609375 0.708984375 0.080078125 0.515625
2 0.8291015625 0.6953125 0.140625 0.609375
2 0.5419921875 0.646484375 0.1005859375 0.529296875
2 0.3408203125 0.6669921875 0.09375 0.5478515625
2 0.1240234375 0.642578125 0.0869140625 0.486328125
2 0.6201171875 0.6337890625 0.1044921875 0.53515625
2 0.244140625 0.65625 0.1201171875 0.5986328125
2 0.0595703125 0.5673828125 0.0771484375 0.40625
2 0.1806640625 0.623046875 0.0732421875 0.5029296875
2 0.69140625 0.5185546875 0.0380859375 0.2197265625
2 0.6669921875 0.53515625 0.0419921875 0.2236328125
2 0.4482421875 0.5185546875 0.037109375 0.220703125
2 0.7685546875 0.509765625 0.0283203125 0.15234375
2 0.404296875 0.5634765625 0.0615234375 0.3212890625
2 0.7509765625 0.4970703125 0.0234375 0.142578125
2 0.486328125 0.533203125 0.0419921875 0.2265625
2 0.7919921875 0.4609375 0.0263671875 0.1142578125
2 0.412109375 0.490234375 0.021484375 0.107421875
3 0.2666015625 0.1943359375 0.2958984375 0.388671875
3 0.6865234375 0.3115234375 0.1552734375 0.6044921875
3 0.583984375 0.3564453125 0.0703125 0.22265625
3 0.4208984375 0.3466796875 0.072265625 0.1552734375