2 0.03049949363425926 0.7143012152777778 0.06099898726851852 0.5300564236111112
2 0.14322916666666666 0.6997612847222222 0.16521990740740738 0.6004774305555556
2 0.4340277777777778 0.6983506944444444 0.12131076388888884 0.5444878472222223
2 0.6354166666666667 0.7298448350694444 0.1151982060185186 0.5403103298611112
2 0.8540943287037037 0.7411024305555556 0.10507089120370372 0.4998914930555556
2 0.35539641203703703 0.6768663194444444 0.1254701967592593 0.5517578125
2 0.733470775462963 0.7162272135416666 0.1434823495370372 0.5675455729166667
2 0.9223451967592593 0.6722005208333334 0.09327980324074092 0.4178602430555556
2 0.7991536458333333 0.7153862847222222 0.09201388888888884 0.5149739583333333
2 0.2884114583333333 0.552734375 0.04629629629629628 0.22591145833333326
2 0.31123408564814814 0.5719401041666666 0.05034722222222221 0.23025173611111116
2 0.5325520833333333 0.5798611111111112 0.04535590277777768 0.22677951388888884
2 0.21061197916666666 0.5352647569444444 0.03403501157407407 0.15744357638888884
2 0.5757740162037037 0.6307508680555556 0.07450810185185186 0.3311631944444444
2 0.22866030092592593 0.5245225694444444 0.02875434027777779 0.14615885416666674
2 0.4939236111111111 0.5902777777777778 0.05041956018518523 0.23220486111111116
2 0.18898292824074076 0.4838324652777778 0.03161168981481477 0.11827256944444442
2 0.5707103587962963 0.5556640625 0.02549913194444442 0.11078559027777768
3 0.7281901041666667 0.27506510416666663 0.3121383101851851 0.4188368055555556
3 0.3000217013888889 0.3451605902777778 0.17979600694444442 0.6268446180555556
3 0.4018735532407407 0.40158420138888895 0.0796079282407407 0.23253038194444442
3 0.566333912037037 0.4090711805555556 0.0790292245370372 0.16438802083333326