1 0.19140625 0.5517578125 0.1494140625 0.193359375
1 0.353515625 0.5009765625 0.1279296875 0.173828125
1 0.3203125 0.705078125 0.1494140625 0.22265625
1 0.0595703125 0.3291015625 0.1025390625 0.1376953125
1 0.5517578125 0.609375 0.1650390625 0.2421875
1 0.75390625 0.861328125 0.19140625 0.27734375
1 0.3779296875 0.8603515625 0.193359375 0.2724609375
1 0.787109375 0.4345703125 0.1337890625 0.169921875
1 0.42578125 0.30078125 0.115234375 0.1298828125
4 0.2568359375 0.40234375 0.1240234375 0.1923828125
1 0.9287109375 0.3798828125 0.130859375 0.1875
1 0.0244140625 0.1748046875 0.048828125 0.103515625
1 0.021484375 0.2900390625 0.0419921875 0.1240234375