1 0.4521484375 0.5498046875 0.15234375 0.220703125
1 0.3076171875 0.4599609375 0.130859375 0.1708984375
1 0.203125 0.6142578125 0.1435546875 0.19140625
1 0.208984375 0.3994140625 0.12109375 0.1572265625
1 0.1337890625 0.5361328125 0.138671875 0.177734375
1 0.88671875 0.48828125 0.1435546875 0.1806640625
1 0.19921875 0.1806640625 0.0869140625 0.109375
1 0.1484375 0.341796875 0.037109375 0.140625
1 0.4775390625 0.9482421875 0.1923828125 0.0947265625
4 0.716796875 0.8115234375 0.234375 0.3662109375
1 0.9306640625 0.875 0.138671875 0.25
4 0.0712890625 0.32421875 0.142578125 0.45703125