1 0.5031105324074074 0.48444733796296297 0.1758463541666666 0.2436559606481482
1 0.6601634837962963 0.3763093171296296 0.14916811342592595 0.18973524305555556
1 0.754615162037037 0.525144675925926 0.16459056712962972 0.2125361689814813
1 0.7668185763888888 0.30402922453703707 0.1372323495370371 0.17405237268518525
1 0.8325086805555555 0.43722511574074074 0.15753761574074066 0.19732349537037042
1 0.07096896701388888 0.46315827546296295 0.14193793402777777 0.20081741898148153
1 0.7949652777777778 0.07750289351851852 0.09809751157407409 0.1218388310185185
1 0.8341724537037037 0.2384403935185185 0.04994212962962963 0.1491753472222222
1 0.444140625 0.8990017361111111 0.20627893518518514 0.11772280092592591
4 0.20771122685185187 0.7803096064814814 0.27208478009259257 0.40213396990740735
1 0.03226273148148148 0.8650752314814815 0.06452546296296297 0.26984953703703707
4 0.9080295138888889 0.22760416666666666 0.1723813657407407 0.4552083333333333