1 0.23567708333333331 0.5208333333333334 0.1787109375 0.21835214120370372
1 0.3996310763888889 0.44950086805555556 0.15397135416666663 0.19551504629629624
1 0.3882378472222222 0.6670138888888889 0.1810980902777778 0.2485243055555555
1 0.07975260416666666 0.299927662037037 0.10785590277777779 0.15405092592592595
1 0.6202256944444444 0.5412109375 0.19997829861111116 0.27075376157407405
1 0.8591579861111112 0.7801793981481482 0.23046875 0.30190972222222223
1 0.46657986111111116 0.8208912037037037 0.2333984375 0.3022135416666667
1 0.8450520833333333 0.33317418981481484 0.15939670138888884 0.19221643518518516
1 0.4525824652777778 0.2326171875 0.13519965277777768 0.14819878472222225
4 0.2876519097222222 0.3573929398148148 0.15212673611111116 0.21366464120370376
1 0.9530164930555556 0.2610749421296296 0.09396701388888884 0.20611979166666672
1 0.029730902777777776 0.14311342592592594 0.039496527777777776 0.11221064814814813
1 0.03917100694444444 0.2636357060185185 0.03407118055555555 0.13288483796296302