2 0.912109375 0.7060546875 0.17578125 0.587890625
2 0.091796875 0.6181640625 0.17578125 0.7626953125
2 0.5009765625 0.505859375 0.0458984375 0.2509765625
2 0.3681640625 0.5947265625 0.0791015625 0.3955078125
2 0.2919921875 0.6181640625 0.078125 0.4521484375
2 0.4638671875 0.5107421875 0.046875 0.2490234375
2 0.607421875 0.5341796875 0.0537109375 0.2451171875
2 0.830078125 0.5205078125 0.05078125 0.251953125
2 0.20703125 0.4833984375 0.037109375 0.2041015625
2 0.6552734375 0.541015625 0.046875 0.2392578125
2 0.5361328125 0.509765625 0.04296875 0.2294921875
2 0.8662109375 0.501953125 0.044921875 0.1923828125
2 0.4306640625 0.494140625 0.033203125 0.21484375
2 0.720703125 0.4833984375 0.02734375 0.142578125
2 0.986328125 0.5458984375 0.02734375 0.302734375
2 0.25390625 0.4873046875 0.02734375 0.1865234375
2 0.93359375 0.4033203125 0.0693359375 0.1298828125
2 0.5634765625 0.4521484375 0.0205078125 0.099609375
2 0.578125 0.451171875 0.015625 0.095703125
2 0.6904296875 0.4697265625 0.0234375 0.1220703125
2 0.33984375 0.42578125 0.03515625 0.09765625
3 0.2568359375 0.2451171875 0.287109375 0.490234375
3 0.5849609375 0.3125 0.0654296875 0.1796875
3 0.4140625 0.310546875 0.0556640625 0.1513671875
3 0.6875 0.2958984375 0.1630859375 0.587890625
0 0.7744140625 0.6279296875 0.044921875 0.1669921875