2 0.3642578125 0.537109375 0.0400390625 0.21875
2 0.224609375 0.5390625 0.048828125 0.208984375
2 0.328125 0.5322265625 0.0322265625 0.18359375
2 0.552734375 0.546875 0.0556640625 0.2724609375
2 0.4130859375 0.560546875 0.056640625 0.3525390625
2 0.1630859375 0.533203125 0.037109375 0.150390625
2 0.4892578125 0.54296875 0.0302734375 0.171875
2 0.130859375 0.52734375 0.01953125 0.1103515625
2 0.7119140625 0.5341796875 0.0625 0.3505859375
2 0.78515625 0.5302734375 0.0380859375 0.2431640625
2 0.1962890625 0.5302734375 0.0244140625 0.1435546875
2 0.109375 0.5400390625 0.021484375 0.0869140625
2 0.98828125 0.5693359375 0.0224609375 0.28515625
2 0.2880859375 0.5625 0.1025390625 0.484375