2 0.3525535300925926 0.639720775462963 0.1347583912037037 0.4798538773148149
2 0.5531611689814815 0.6413122106481481 0.12327835648148144 0.441478587962963
2 0.42975983796296297 0.6532841435185185 0.120630787037037 0.4442997685185186
2 0.7191478587962963 0.5764250578703703 0.07064525462962967 0.22837094907407418
2 0.8035807291666667 0.6953486689814815 0.14497974537037028 0.5152633101851851
2 0.9014467592592592 0.7213541666666667 0.13851273148148158 0.4683159722222223
2 0.18117766203703706 0.7056568287037037 0.22086226851851853 0.5886863425925926
2 0.6931712962962964 0.5491898148148148 0.049493634259259345 0.19061053240740744
2 0.6593315972222222 0.5615596064814814 0.057385706018518556 0.22204137731481488
2 0.9549189814814815 0.6299189814814815 0.08654513888888893 0.3126446759259258
2 0.8495515046296296 0.5462239583333334 0.04610821759259265 0.15545428240740744
2 0.5027777777777778 0.5324074074074074 0.04883535879629641 0.18377459490740744
2 0.09343171296296296 0.6671006944444444 0.11050347222222223 0.5412326388888888
2 0.46979890046296297 0.5234013310185185 0.03519241898148151 0.12293836805555558
2 0.8292896412037037 0.5581235532407407 0.044755497685185164 0.15151186342592604
2 0.29375 0.6151620370370371 0.08762297453703705 0.3642578125
2 0.23919994212962964 0.5236183449074074 0.07543402777777775 0.2275752314814814
2 0.8687789351851851 0.5235821759259259 0.03158275462962967 0.09555844907407418
2 0.8460286458333333 0.46922019675925924 0.028479456018518423 0.06333188657407407
2 0.3877387152777778 0.4493272569444444 0.030714699074074092 0.06633391203703698
2 0.5867404513888889 0.5150824652777778 0.04401765046296302 0.11353443287037046
3 0.2745225694444444 0.2437065972222222 0.34982638888888884 0.4800347222222222
3 0.4600694444444444 0.3819444444444444 0.11501736111111116 0.19401041666666674
3 0.616261574074074 0.37702546296296297 0.07999131944444438 0.18395543981481477
3 0.7118344907407408 0.25795717592592593 0.20882523148148158 0.47092013888888884