2 0.929955150462963 0.6258680555555556 0.1400896990740741 0.6013888888888888
2 0.1363064236111111 0.6105251736111111 0.23402054398148148 0.7779730902777777
2 0.5386863425925925 0.46655815972222225 0.06756365740740744 0.25807291666666665
2 0.4112413194444444 0.5683810763888889 0.11270254629629628 0.40750868055555545
2 0.33600260416666666 0.5986762152777778 0.11642071759259254 0.4650390624999998
2 0.5019748263888888 0.4747395833333333 0.067484085648148 0.25709635416666665
2 0.6493923611111112 0.4852430555555555 0.07489872685185173 0.2529079861111111
2 0.8728877314814815 0.4516059027777778 0.07252604166666665 0.25948350694444433
2 0.23998119212962965 0.47048611111111105 0.054955150462962954 0.2104166666666667
2 0.6978009259259259 0.4878255208333333 0.06660879629629624 0.24635416666666665
2 0.5741608796296296 0.4673394097222222 0.0628833912037039 0.236328125
2 0.9084852430555556 0.42975260416666666 0.06075665509259265 0.1983289930555555
2 0.4663628472222222 0.4601996527777778 0.050947627314814836 0.2207248263888889
2 0.7594328703703703 0.42332899305555555 0.039120370370370416 0.1469618055555556
2 0.28717447916666666 0.4702256944444444 0.04375723379629626 0.19197048611111112
2 0.9640805844907407 0.32309027777777777 0.07183883101851851 0.13710937499999998
2 0.597706886574074 0.4062282986111111 0.028783275462962887 0.10338541666666667
2 0.6121961805555556 0.4029730902777778 0.024479166666666607 0.0981553819444444
2 0.7280454282407407 0.4123480902777778 0.03354311342592586 0.12610677083333333
2 0.36899594907407407 0.4 0.043272569444444464 0.10273437500000004
3 0.27110821759259257 0.242138671875 0.33119936342592593 0.48427734375
3 0.6076533564814814 0.2627170138888889 0.08120659722222223 0.1875434027777778
3 0.4355396412037037 0.27506510416666663 0.06815682870370376 0.1582682291666666
3 0.7098162615740741 0.2708062065972222 0.21349826388888893 0.5416124131944444
0 0.8260561342592593 0.5649522569444445 0.058687789351851816 0.17293836805555562