2 0.4405164930555555 0.567136863425926 0.08575665509259256 0.3792679398148149
2 0.5002025462962962 0.5620949074074074 0.08930844907407409 0.3570601851851851
2 0.6794270833333333 0.5605902777777778 0.09673755787037042 0.4002821180555556
2 0.5995153356481482 0.5783637152777779 0.09252748842592595 0.36209490740740735
2 0.372923900462963 0.5248842592592593 0.05863715277777781 0.23377459490740726
2 0.21519820601851852 0.6236038773148148 0.09466145833333328 0.3816767939814816
2 0.15848524305555556 0.5291883680555556 0.05070167824074073 0.2148654513888888
2 0.8316695601851851 0.6529730902777777 0.18517795138888893 0.6112630208333334
2 0.12068142361111112 0.5428313078703704 0.05040509259259257 0.19343171296296302
2 0.01937934027777778 0.6213758680555556 0.03875868055555556 0.3822482638888889
2 0.32794415509259256 0.5281901041666667 0.048632812499999956 0.2128110532407408
2 0.2913773148148148 0.6031032986111111 0.097142650462963 0.4071180555555556
2 0.945138888888889 0.6110677083333333 0.07129629629629619 0.6774016203703703
2 0.5472294560185185 0.4749565972222223 0.02561487268518503 0.1201027199074074
2 0.39971788194444446 0.46702835648148144 0.023133680555555536 0.09466145833333339
2 0.6336516203703704 0.4130353009259259 0.03449797453703707 0.07285879629629632
2 0.5741102430555556 0.4813512731481482 0.03573495370370372 0.1430193865740741
2 0.7936848958333333 0.4232349537037037 0.05859375 0.13446903935185195
3 0.7619719328703703 0.1935546875 0.3080873842592593 0.387109375
3 0.3062717013888889 0.3130443431712963 0.20288628472222225 0.6260886863425926
3 0.5802083333333333 0.32915943287037036 0.09451678240740735 0.1820891203703704
3 0.4081669560185185 0.32445023148148144 0.08797743055555562 0.2031684027777778