2 0.35520109953703705 0.5447554976851852 0.06684027777777779 0.2514539930555555
2 0.5606481481481481 0.5628255208333334 0.06427228009259256 0.2173321759259259
2 0.6622106481481481 0.5688440393518519 0.07431278935185182 0.23927951388888902
2 0.6225405092592593 0.572388599537037 0.06750578703703702 0.22043547453703716
2 0.46282552083333334 0.549168113425926 0.07505063657407407 0.22767650462962963
2 0.3956090856481481 0.5530454282407408 0.06767939814814805 0.24082754629629632
2 0.26536458333333335 0.5109375 0.04243344907407409 0.14712818287037033
2 0.29075520833333335 0.5124421296296297 0.04448784722222232 0.14822048611111116
2 0.5931134259259259 0.5529586226851851 0.055345775462963154 0.20612702546296302
2 0.3231409143518519 0.5507161458333334 0.06511863425925934 0.2348524305555557
2 0.06224320023148148 0.6490451388888889 0.12448640046296296 0.7019097222222221
2 0.8617259837962963 0.709230324074074 0.20039062500000004 0.5815393518518519
2 0.7955946180555555 0.5806785300925925 0.0649088541666667 0.20475260416666652
2 0.5215856481481481 0.5605107060185185 0.05935329861111116 0.20733506944444446
2 0.42996961805555556 0.5059534143518518 0.03161168981481488 0.09892939814814827
3 0.22573784722222223 0.34351851851851856 0.32196180555555554 0.6712962962962963
3 0.5641276041666666 0.3871527777777778 0.08903356481481484 0.25956307870370376
3 0.4007378472222222 0.3804181134259259 0.10487557870370368 0.18770978009259265
3 0.672605613425926 0.345435474537037 0.2298828125000001 0.6163411458333333
0 0.7275028935185186 0.7161675347222223 0.06604456018518512 0.1689091435185186