2 0.2998046875 0.6162109375 0.0859375 0.4599609375
2 0.494140625 0.6103515625 0.078125 0.423828125
2 0.3740234375 0.626953125 0.0751953125 0.4267578125
2 0.662109375 0.541015625 0.0478515625 0.21875
2 0.7333984375 0.654296875 0.0927734375 0.494140625
2 0.826171875 0.67578125 0.0908203125 0.44921875
2 0.126953125 0.703125 0.15625 0.59375
2 0.6396484375 0.5166015625 0.0302734375 0.1826171875
2 0.6044921875 0.529296875 0.03515625 0.2138671875
2 0.88671875 0.5849609375 0.0556640625 0.30078125
2 0.7919921875 0.5078125 0.0302734375 0.1484375
2 0.455078125 0.5068359375 0.0302734375 0.17578125
2 0.0380859375 0.65234375 0.072265625 0.5205078125
2 0.423828125 0.4990234375 0.0224609375 0.1181640625
2 0.7705078125 0.51953125 0.029296875 0.1455078125
2 0.244140625 0.5947265625 0.05078125 0.349609375
2 0.2001953125 0.5078125 0.0517578125 0.2177734375
2 0.8125 0.4853515625 0.0224609375 0.091796875
2 0.7958984375 0.4326171875 0.021484375 0.060546875
2 0.3525390625 0.4306640625 0.0244140625 0.0634765625
2 0.5380859375 0.4873046875 0.0322265625 0.1083984375
3 0.26171875 0.2314453125 0.294921875 0.4619140625
3 0.4287109375 0.3623046875 0.09375 0.1845703125
3 0.580078125 0.3515625 0.060546875 0.1748046875
3 0.685546875 0.2294921875 0.1591796875 0.4580078125