2 0.5458984375 0.5498046875 0.05859375 0.275390625
2 0.740234375 0.6669921875 0.123046875 0.6591796875
2 0.6435546875 0.673828125 0.1044921875 0.6455078125
2 0.431640625 0.533203125 0.0439453125 0.265625
2 0.142578125 0.66015625 0.130859375 0.67578125
2 0.4599609375 0.5556640625 0.0625 0.314453125
2 0.8671875 0.55078125 0.0498046875 0.2294921875
2 0.25390625 0.6865234375 0.1337890625 0.6201171875
2 0.6005859375 0.515625 0.0400390625 0.2109375
2 0.087890625 0.533203125 0.046875 0.2880859375
2 0.9423828125 0.6806640625 0.115234375 0.6259765625
2 0.572265625 0.490234375 0.0244140625 0.1376953125
2 0.3701171875 0.478515625 0.01953125 0.1103515625
2 0.3291015625 0.4755859375 0.0244140625 0.109375
2 0.7744140625 0.541015625 0.0390625 0.2314453125
2 0.505859375 0.4794921875 0.0224609375 0.0927734375
2 0.400390625 0.4833984375 0.01953125 0.0947265625
2 0.353515625 0.4794921875 0.01953125 0.1015625
2 0.310546875 0.4716796875 0.01953125 0.09765625
3 0.267578125 0.1787109375 0.2998046875 0.357421875
3 0.419921875 0.345703125 0.0556640625 0.1572265625
3 0.5849609375 0.3408203125 0.068359375 0.1865234375
3 0.6845703125 0.21484375 0.166015625 0.4296875