2 0.33175636574074074 0.5917824074074074 0.10978732638888888 0.46696325231481484
2 0.5257884837962963 0.5700882523148149 0.1001012731481481 0.4301938657407407
2 0.40653211805555556 0.5964771412037038 0.09732349537037033 0.43288483796296306
2 0.690162037037037 0.4870659722222222 0.059194155092592515 0.2226490162037037
2 0.7673249421296297 0.5945384837962964 0.11839554398148144 0.5016999421296298
2 0.8612123842592592 0.6084635416666667 0.11411313657407396 0.4566189236111111
2 0.16341145833333334 0.6927806712962963 0.18703703703703706 0.6064814814814814
2 0.6664351851851852 0.4644820601851852 0.03974247685185195 0.185083912037037
2 0.6319372106481482 0.4800419560185185 0.046245659722222054 0.2167317708333334
2 0.9170500578703704 0.5127097800925926 0.07126012731481479 0.3053168402777777
2 0.8183232060185186 0.44327980324074073 0.03797019675925917 0.150904224537037
2 0.4813585069444445 0.4697554976851852 0.03938802083333326 0.1782479745370371
2 0.07191116898148149 0.6492404513888889 0.0992549189814815 0.5263961226851852
2 0.44970341435185185 0.46448929398148153 0.028587962962962954 0.11999421296296298
2 0.7974464699074073 0.45674913194444444 0.036841724537036935 0.1478949652777779
2 0.2749782986111111 0.5748336226851852 0.06890914351851851 0.35374710648148144
2 0.22652633101851855 0.49150028935185186 0.06304976851851851 0.22199074074074066
2 0.8376663773148149 0.4191478587962963 0.027220775462962976 0.09362702546296298
2 0.8183304398148148 0.3677662037037037 0.02462384259259265 0.062297453703703765
2 0.3748697916666667 0.4019386574074074 0.02770543981481488 0.06546585648148151
2 0.563353587962963 0.4434606481481481 0.03784722222222214 0.11102430555555554
3 0.27371961805555556 0.22654622395833332 0.318872974537037 0.45309244791666664
3 0.44749710648148144 0.3273726851851852 0.10332031249999996 0.19220920138888886
3 0.5983072916666666 0.304296875 0.06961082175925926 0.179738136574074
3 0.6974464699074074 0.20456090856481482 0.18292824074074066 0.40912181712962964