2 0.5228660300925926 0.5277850115740741 0.3091362847222223 0.9390697337962963
2 0.9346064814814814 0.5305989583333334 0.11069155092592586 0.4087094907407407
2 0.3246527777777778 0.5106843171296296 0.1532841435185185 0.5183159722222221
2 0.6814380787037038 0.5207465277777777 0.0843677662037039 0.3148365162037037
2 0.7179398148148148 0.5146122685185185 0.07540509259259265 0.2942780671296297
2 0.7708405671296297 0.5064019097222222 0.06953124999999982 0.23763744212962967
2 0.8863787615740741 0.5084780092592592 0.06167534722222223 0.19952256944444446
2 0.1802879050925926 0.5039351851851852 0.08859953703703705 0.2709563078703703
2 0.852466724537037 0.5018880208333334 0.04846643518518512 0.16624710648148144
2 0.5989293981481482 0.49790219907407407 0.06296296296296289 0.23075810185185186
2 0.06502459490740742 0.5233579282407408 0.06132089120370371 0.39370659722222223
2 0.9832971643518519 0.510691550925926 0.033405671296296235 0.11637008101851842
2 0.802662037037037 0.5022569444444445 0.03172019675925908 0.12709056712962963
2 0.9685112847222223 0.5088469328703704 0.028045428240740744 0.11047453703703702
2 0.1837673611111111 0.41497395833333334 0.04046585648148149 0.08909866898148144
2 0.8912760416666667 0.4331886574074074 0.011385995370370328 0.01569733796296302
2 0.992431640625 0.47250434027777777 0.01513671875 0.036226851851851816
2 0.6128472222222222 0.40593171296296293 0.020355902777777768 0.06455439814814823
2 0.7821108217592593 0.4642939814814815 0.03009259259259256 0.08316695601851842
2 0.6531684027777778 0.4554759837962963 0.02557870370370363 0.07727864583333333