2 0.6201171875 0.576171875 0.08203125 0.4296875
2 0.294921875 0.5966796875 0.1044921875 0.41796875
2 0.484375 0.544921875 0.0439453125 0.2470703125
2 0.1796875 0.5595703125 0.0625 0.31640625
2 0.525390625 0.556640625 0.0556640625 0.2724609375
2 0.388671875 0.578125 0.095703125 0.4521484375
2 0.7607421875 0.5615234375 0.05859375 0.2998046875
2 0.697265625 0.544921875 0.0263671875 0.1357421875
2 0.9521484375 0.5478515625 0.03125 0.1640625
2 0.0732421875 0.587890625 0.1298828125 0.65625
2 0.8037109375 0.5400390625 0.0595703125 0.2998046875