2 0.4013671875 0.5263671875 0.041015625 0.2431640625
2 0.6025390625 0.5322265625 0.041015625 0.2109375
2 0.7021484375 0.5322265625 0.048828125 0.2314453125
2 0.6630859375 0.537109375 0.0439453125 0.2138671875
2 0.505859375 0.5244140625 0.05078125 0.2197265625
2 0.4404296875 0.5322265625 0.0419921875 0.2333984375
2 0.310546875 0.498046875 0.0263671875 0.142578125
2 0.333984375 0.4990234375 0.0283203125 0.142578125
2 0.6318359375 0.5205078125 0.0341796875 0.2001953125
2 0.3701171875 0.5341796875 0.0400390625 0.2275390625
2 0.0869140625 0.6533203125 0.130859375 0.6884765625
2 0.9228515625 0.6875 0.1513671875 0.619140625
2 0.8330078125 0.5361328125 0.04296875 0.1982421875
2 0.5634765625 0.5322265625 0.037109375 0.201171875
2 0.4697265625 0.484375 0.021484375 0.095703125
3 0.2529296875 0.3291015625 0.248046875 0.658203125
3 0.587890625 0.361328125 0.0615234375 0.25
3 0.427734375 0.36328125 0.0849609375 0.1787109375
3 0.689453125 0.3056640625 0.1640625 0.611328125
0 0.7802734375 0.6708984375 0.0478515625 0.1630859375