2 0.6878038194444445 0.4912326388888889 0.11467013888888888 0.46222511574074066
2 0.3843315972222222 0.5785662615740741 0.14220920138888893 0.49973234953703694
2 0.5735460069444445 0.45791377314814813 0.08927951388888888 0.28550347222222217
2 0.5178168402777777 0.45146122685185186 0.06675347222222228 0.22814670138888893
2 0.7276475694444444 0.4519386574074074 0.07966579861111112 0.3407335069444445
2 0.40870225694444445 0.46492332175925927 0.0639756944444444 0.24046585648148155
2 0.9376573350694444 0.4777488425925926 0.12468532986111125 0.5276403356481482
2 0.283203125 0.46026475694444446 0.050151909722222276 0.18297887731481488
2 0.7640190972222223 0.46222511574074077 0.08502604166666661 0.3247902199074073
2 0.06731770833333334 0.5578776041666667 0.06414930555555556 0.3295572916666667
2 0.3120442708333333 0.4633969907407407 0.05277777777777781 0.2016276041666667
2 0.7958550347222222 0.3882450810185185 0.03498263888888875 0.13213975694444446
2 0.6314670138888889 0.3893012152777778 0.027582465277777857 0.10334924768518516
2 0.46499565972222223 0.4555627893518519 0.07070312500000009 0.25079571759259256
2 0.3461154513888889 0.46996527777777775 0.05180121527777781 0.2451027199074074
2 0.4969835069444445 0.39437210648148147 0.030230034722222188 0.1113498263888889
3 0.8200900607638889 0.29022352430555554 0.3598198784722222 0.5804470486111111
3 0.35054253472222224 0.27383897569444443 0.24103732638888886 0.5476779513888889
3 0.46892361111111114 0.26706452546296294 0.09698350694444446 0.2523582175925926
3 0.6491102430555555 0.26645688657407407 0.10260416666666661 0.23934461805555562
0 0.2794053819444444 0.6280671296296296 0.07443576388888884 0.1620804398148148