2 0.6238064236111112 0.6783854166666667 0.11161747685185164 0.4633825231481481
2 0.31901041666666663 0.7186342592592593 0.13995225694444446 0.5010199652777778
2 0.5098741319444444 0.6279007523148148 0.08744936342592591 0.2860460069444444
2 0.4542317708333333 0.612941261574074 0.06525607638888886 0.22836371527777777
2 0.6648871527777778 0.6458333333333334 0.07847222222222228 0.3428530092592592
2 0.3441189236111111 0.6093315972222222 0.06238425925925928 0.24082754629629632
2 0.8894097222222223 0.705787037037037 0.14706307870370372 0.5286530671296297
2 0.21768663194444443 0.5843460648148148 0.04898003472222223 0.18366608796296302
2 0.7021339699074074 0.661646412037037 0.08289930555555558 0.3256221064814815
2 0.24746093749999998 0.5919415509259259 0.05146846064814814 0.20227864583333321
2 0.7344111689814815 0.5926142939814815 0.0341796875 0.13322482638888888
2 0.5691550925925926 0.5682436342592593 0.02690972222222232 0.10363859953703702
2 0.4013382523148148 0.6078631365740741 0.06911892361111116 0.2519169560185186
2 0.28153935185185186 0.6046513310185185 0.05024594907407409 0.24691116898148135
2 0.43375289351851853 0.5524450231481481 0.029499421296296235 0.11156684027777786
3 0.7633174189814815 0.41064814814814815 0.37917390046296306 0.7532986111111112
3 0.2838107638888889 0.3462745949074074 0.24535590277777775 0.6734519675925925
3 0.40559172453703707 0.42152054398148153 0.09532696759259252 0.2515263310185185
3 0.5876085069444444 0.448828125 0.10202546296296289 0.2383174189814814
0 0.2138744212962963 0.7522497106481482 0.07343750000000004 0.16179108796296293