2 0.5723017939814815 0.6184461805555556 0.0844907407407407 0.3028935185185184
2 0.7878327546296297 0.701294849537037 0.18185763888888884 0.597410300925926
2 0.6848234953703703 0.7036404079861112 0.16033709490740744 0.5927191840277777
2 0.4478804976851852 0.5880425347222222 0.06807002314814814 0.29064670138888893
2 0.14565248842592593 0.66240234375 0.19082754629629628 0.6751953125000001
2 0.4809389467592593 0.6154658564814814 0.09150752314814814 0.3452618634259259
2 0.9171006944444444 0.6526186342592593 0.07201244212962976 0.25224247685185186
2 0.2677951388888889 0.695435474537037 0.19068287037037035 0.609129050925926
2 0.6291232638888888 0.5870732060185185 0.05975115740740744 0.23070023148148144
2 0.07971643518518519 0.5525896990740741 0.07378472222222224 0.3154369212962964
2 0.960033275462963 0.7285228587962963 0.07993344907407396 0.5429542824074074
2 0.5958478009259259 0.5567201967592592 0.03736255787037046 0.1509765624999999
2 0.37811053240740744 0.5231481481481481 0.0292607060185186 0.12013888888888902
2 0.3329716435185185 0.515892650462963 0.0351200810185186 0.12070312499999991
2 0.8166956018518519 0.6322844328703704 0.05946180555555558 0.2529730902777778
2 0.5236906828703705 0.5381365740740741 0.03088831018518512 0.10284288194444446
2 0.4107711226851852 0.5321108217592593 0.02803096064814814 0.1035373263888888
2 0.36067708333333337 0.5234085648148148 0.02860966435185186 0.11134982638888902
2 0.3131510416666667 0.5101056134259259 0.0283203125 0.10744357638888902
3 0.2437065972222222 0.20090422453703705 0.3506944444444444 0.3886429398148148
3 0.42118778935185186 0.384765625 0.07208478009259256 0.17468171296296298
3 0.59765625 0.3978804976851852 0.08814380787037046 0.20822482638888884
3 0.6939380787037037 0.28401331018518516 0.21104600694444442 0.45373263888888893