2 0.4052734375 0.576171875 0.06640625 0.4091796875
2 0.6826171875 0.62890625 0.0888671875 0.44140625
2 0.5048828125 0.537109375 0.0576171875 0.2509765625
2 0.552734375 0.5263671875 0.0419921875 0.201171875
2 0.3662109375 0.544921875 0.044921875 0.302734375
2 0.6513671875 0.529296875 0.0390625 0.2119140625
2 0.1689453125 0.5869140625 0.09375 0.4658203125
2 0.763671875 0.513671875 0.0302734375 0.162109375
2 0.333984375 0.556640625 0.05078125 0.287109375
2 0.9736328125 0.583984375 0.0517578125 0.29296875
2 0.7373046875 0.51953125 0.03125 0.1787109375
2 0.021484375 0.5771484375 0.041015625 0.3515625
2 0.2998046875 0.494140625 0.0205078125 0.1171875
2 0.447265625 0.48046875 0.0166015625 0.0908203125
2 0.6005859375 0.525390625 0.04296875 0.2216796875
2 0.7080078125 0.529296875 0.02734375 0.2177734375
2 0.5673828125 0.4736328125 0.017578125 0.0986328125
3 0.26171875 0.3291015625 0.2841796875 0.658203125
3 0.6875 0.296875 0.1708984375 0.5927734375
3 0.5830078125 0.357421875 0.0673828125 0.220703125
3 0.421875 0.373046875 0.07421875 0.2080078125
0 0.779296875 0.6640625 0.0537109375 0.140625