1 0.5474175347222222 0.536060474537037 0.1606119791666667 0.2343388310185186
1 0.6982204861111112 0.43677662037037035 0.13738425925925934 0.18174913194444442
1 0.8032841435185185 0.5919777199074074 0.1513744212962962 0.20373987268518512
1 0.799732349537037 0.3705512152777778 0.1264250578703705 0.16670283564814814
1 0.8757740162037038 0.5082826967592593 0.14529803240740735 0.18887442129629628
1 0.10013020833333333 0.48820891203703703 0.15120081018518516 0.19202112268518523
1 0.813816550925926 0.14456741898148148 0.09054542824074074 0.11657262731481483
1 0.8640914351851852 0.30862991898148145 0.040241608796296235 0.1469184027777778
1 0.5160662615740741 0.9393446180555556 0.19945746527777786 0.0893735532407407
4 0.2710792824074074 0.8078703703703703 0.2475694444444444 0.37225115740740744
1 0.06149631076388889 0.8783637152777778 0.12299262152777778 0.24323640046296302
4 0.932740162037037 0.28656684027777773 0.13201678240740744 0.47826244212962965