2 0.310546875 0.650390625 0.1494140625 0.69921875
2 0.4296875 0.6474609375 0.1728515625 0.705078125
3 0.2470703125 0.21875 0.26953125 0.4375
2 0.201171875 0.4833984375 0.0537109375 0.2529296875
2 0.568359375 0.5791015625 0.09765625 0.400390625
2 0.8798828125 0.4990234375 0.0517578125 0.2666015625
2 0.9296875 0.4794921875 0.0556640625 0.2802734375
2 0.828125 0.4638671875 0.056640625 0.2724609375
2 0.7919921875 0.4560546875 0.033203125 0.1845703125
2 0.5205078125 0.4755859375 0.0458984375 0.2275390625
2 0.0751953125 0.6328125 0.1435546875 0.732421875
2 0.6533203125 0.46875 0.0400390625 0.20703125
2 0.7060546875 0.4609375 0.0390625 0.1826171875
2 0.5986328125 0.4541015625 0.03515625 0.1865234375
2 0.9521484375 0.671875 0.0947265625 0.642578125
2 0.736328125 0.4453125 0.0283203125 0.12890625
2 0.0986328125 0.37109375 0.0390625 0.0791015625
2 0.63671875 0.4423828125 0.0224609375 0.1396484375
2 0.9736328125 0.4482421875 0.0439453125 0.193359375
2 0.2177734375 0.390625 0.0283203125 0.087890625
3 0.6796875 0.27734375 0.158203125 0.5546875
3 0.5810546875 0.306640625 0.0693359375 0.251953125
3 0.4140625 0.2998046875 0.0732421875 0.1806640625
0 0.7744140625 0.6171875 0.041015625 0.154296875