2 0.07547019675925927 0.6963107638888889 0.1441478587962963 0.6073784722222222
2 0.9157986111111112 0.6394314236111112 0.16840277777777768 0.7211371527777777
2 0.48998119212962965 0.5363932291666667 0.05081018518518521 0.2719184027777779
2 0.6332609953703704 0.6437934027777779 0.08710937500000004 0.42934027777777795
2 0.7144965277777777 0.6754123263888889 0.08755787037037033 0.4898871527777777
2 0.5290798611111112 0.5447482638888889 0.05177951388888902 0.2710286458333333
2 0.3769241898148148 0.5565972222222222 0.059555844907407396 0.26684027777777786
2 0.13853443287037037 0.5207682291666667 0.056676793981481455 0.2734157986111112
2 0.8042607060185185 0.5409071180555556 0.04165219907407414 0.22133246527777772
2 0.3261935763888889 0.5589192708333334 0.05169270833333339 0.2593098958333333
2 0.4529007523148148 0.5370008680555556 0.04771412037037037 0.24919704861111103
2 0.09932725694444444 0.49776475694444444 0.04937065972222221 0.20933159722222228
2 0.5650824652777777 0.5303819444444444 0.03685619212962976 0.23261718750000004
2 0.2554253472222222 0.49114583333333334 0.030425347222222232 0.15494791666666663
2 0.7544849537037037 0.5403862847222223 0.03077256944444451 0.20182291666666652
2 0.03407841435185185 0.38461371527777777 0.06255063657407407 0.14414062500000002
2 0.42315538194444446 0.47384982638888895 0.02227285879629637 0.10835503472222219
2 0.40751591435185186 0.47050781249999996 0.017353877314814747 0.10303819444444451
2 0.2875434027777778 0.4793619791666667 0.025383391203703698 0.13302951388888884
2 0.6621961805555556 0.4658203125 0.03788339120370354 0.10779079861111107
3 0.7498046875 0.30379774305555557 0.3121093749999999 0.5020399305555555
3 0.39861111111111114 0.32235243055555557 0.07173032407407409 0.19765624999999998
3 0.5812065972222222 0.33565538194444444 0.05979456018518525 0.16731770833333337
3 0.290234375 0.3156467013888889 0.17910156249999998 0.5956163194444445
0 0.19797453703703705 0.640234375 0.04917534722222222 0.18296440972222228