2 0.2824508101851852 0.5005208333333333 0.06838831018518521 0.20818865740740744
2 0.32397280092592595 0.501048900462963 0.07145543981481484 0.25007957175925943
2 0.504955150462963 0.48904803240740735 0.07874710648148131 0.2856409143518519
2 0.36442418981481484 0.5026548032407407 0.06704282407407414 0.2544560185185185
2 0.17840711805555554 0.5267795138888889 0.10627893518518516 0.420949074074074
2 0.4355034722222222 0.5175202546296296 0.1176432291666667 0.4385633680555556
2 0.6683810763888889 0.4585648148148148 0.1108217592592593 0.40788483796296293
2 0.0671947337962963 0.5170428240740741 0.04013310185185184 0.13564814814814818
2 0.1089988425925926 0.5146412037037037 0.032356770833333326 0.12517361111111103
2 0.12452980324074074 0.5139973958333333 0.04892216435185184 0.13655960648148158
2 0.8336877893518518 0.4604021990740741 0.3326244212962963 0.9208043981481482