2 0.2969835069444444 0.6333550347222222 0.15858651620370368 0.7166160300925926
2 0.4200520833333333 0.6258680555555556 0.1830439814814815 0.7233796296296295
3 0.23668258101851852 0.21373155381944445 0.28053385416666665 0.4274631076388889
2 0.18688512731481483 0.47146267361111116 0.057595486111111094 0.2628038194444444
2 0.5640842013888889 0.5560980902777778 0.10266203703703702 0.41579861111111116
2 0.8840277777777779 0.46223958333333337 0.054774305555555625 0.27734375
2 0.9349681712962963 0.4388744212962963 0.05877459490740744 0.29018373842592604
2 0.8315610532407407 0.4280598958333333 0.059693287037037024 0.28240740740740733
2 0.7945167824074073 0.42064525462962965 0.03559027777777768 0.19169560185185186
2 0.5160445601851852 0.45146122685185186 0.04861111111111116 0.23611111111111116
2 0.06644241898148148 0.6244574652777778 0.13288483796296297 0.7510850694444444
2 0.6518373842592593 0.43959780092592593 0.04259982638888893 0.2153862847222221
2 0.7056134259259259 0.4288194444444444 0.041427951388888884 0.1889829282407407
2 0.5962890624999999 0.42603443287037035 0.037557870370370505 0.19372106481481488
2 0.9510923032407408 0.6345124421296297 0.091796875 0.6623987268518519
2 0.7369791666666667 0.41203703703703703 0.02930410879629619 0.1338614004629629
2 0.08325376157407408 0.35912181712962965 0.04064670138888887 0.0835141782407407
2 0.6344618055555555 0.41290509259259256 0.024500868055555625 0.14442274305555558
2 0.9762297453703703 0.40415219907407407 0.042476851851851904 0.19878472222222232
2 0.20517216435185187 0.3751085069444444 0.028985821759259234 0.09089265046296302
3 0.6786241319444444 0.2642867476851852 0.16618923611111125 0.5285734953703703
3 0.578855613425926 0.27535445601851855 0.07321325231481479 0.26240596064814814
3 0.40703125 0.27488425925925924 0.07657696759259258 0.18930844907407407
0 0.7747251157407408 0.5883246527777778 0.043171296296296235 0.16073495370370372