2 0.3624131944444444 0.5182002314814815 0.05454282407407407 0.2110098379629628
2 0.18182146990740738 0.5265914351851851 0.0815610532407407 0.24743200231481488
2 0.5086082175925926 0.5145109953703704 0.06651475694444442 0.2544343171296297
2 0.24323640046296297 0.5117332175925926 0.04213686342592593 0.1879918981481481
2 0.1140407986111111 0.5223234953703704 0.04043692129629628 0.15190972222222232
2 0.08752893518518517 0.5256438078703703 0.04159432870370372 0.14126880787037033
2 0.29126880787037035 0.5462094907407407 0.12861689814814814 0.5543619791666665
2 0.4502314814814815 0.5146195023148148 0.04419849537037046 0.17642505787037033
2 0.5482132523148149 0.5182942708333333 0.0468388310185186 0.19893663194444433
2 0.6742983217592593 0.4971643518518518 0.07881221064814814 0.3153862847222222
2 0.14717158564814814 0.5215784143518518 0.03729021990740744 0.1488281250000001
2 0.7386429398148148 0.48215422453703705 0.06485098379629628 0.2582392939814815
2 0.9407913773148149 0.4979383680555556 0.0517216435185186 0.25172164351851856