2 0.4150535300925926 0.4866608796296297 0.04163049768518512 0.21899594907407405
2 0.2294994212962963 0.5049262152777778 0.06630497685185188 0.25668402777777777
2 0.5644965277777778 0.47507233796296294 0.0507450810185186 0.26385271990740733
2 0.29190538194444443 0.4857494212962963 0.030714699074074092 0.19444444444444442
2 0.16009837962962964 0.5033275462962963 0.031416377314814836 0.15743634259259265
2 0.13277633101851852 0.5090928819444445 0.03230613425925927 0.14581886574074066
2 0.3439525462962963 0.5194444444444444 0.09402488425925926 0.5737702546296295
2 0.5049045138888889 0.4783203125 0.03258101851851847 0.18292824074074077
2 0.6055555555555556 0.4766782407407407 0.034707754629629495 0.2065682870370371
2 0.7333767361111112 0.4487630208333333 0.0599898726851853 0.32628761574074083
2 0.19331597222222222 0.5018373842592593 0.02846498842592593 0.15420283564814818
2 0.7987196180555556 0.4302589699074074 0.04979745370370381 0.2676576967592592
2 0.994679542824074 0.4350911458333333 0.010640914351851993 0.2592303240740741