2 0.4267578125 0.5341796875 0.0693359375 0.322265625
2 0.66015625 0.48046875 0.044921875 0.2109375
2 0.884765625 0.513671875 0.068359375 0.3759765625
2 0.533203125 0.4814453125 0.0400390625 0.2236328125
2 0.8408203125 0.51171875 0.0458984375 0.310546875
2 0.171875 0.4501953125 0.0419921875 0.21484375
2 0.3935546875 0.47265625 0.0400390625 0.2353515625
2 0.7255859375 0.693359375 0.1435546875 0.609375
2 0.796875 0.4912109375 0.04296875 0.244140625
2 0.6357421875 0.458984375 0.03515625 0.208984375
2 0.9462890625 0.560546875 0.0693359375 0.3779296875
2 0.337890625 0.5322265625 0.0546875 0.345703125
2 0.57421875 0.484375 0.0439453125 0.22265625
2 0.0888671875 0.6396484375 0.171875 0.7158203125
2 0.6025390625 0.490234375 0.0380859375 0.201171875
2 0.017578125 0.6025390625 0.033203125 0.5849609375
2 0.5009765625 0.4755859375 0.0419921875 0.224609375
3 0.2568359375 0.1689453125 0.2783203125 0.3251953125
3 0.6904296875 0.2138671875 0.173828125 0.4267578125
3 0.5810546875 0.294921875 0.0888671875 0.205078125
3 0.42578125 0.310546875 0.0751953125 0.171875