2 0.3630642361111111 0.5375651041666667 0.05342881944444444 0.2372612847222222
2 0.2136935763888889 0.5319010416666666 0.0627170138888889 0.2269531250000001
2 0.32471788194444445 0.5300130208333333 0.042990451388888906 0.1997612847222221
2 0.5666232638888888 0.5563585069444444 0.07263454861111107 0.29659288194444455
2 0.41692708333333334 0.5652994791666667 0.07840711805555556 0.38261718749999996
2 0.1480034722222222 0.5231336805555555 0.04724392361111107 0.16388888888888897
2 0.49809027777777776 0.5494140625 0.04144965277777779 0.1870225694444445
2 0.11254340277777777 0.5147352430555556 0.026779513888888884 0.12009548611111098
2 0.7359809027777777 0.5512152777777778 0.08413628472222223 0.3799479166666666
2 0.8148654513888889 0.5498480902777778 0.052647569444444375 0.2635416666666668
2 0.18205295138888888 0.5217230902777777 0.033224826388888906 0.15546875000000004
2 0.09069010416666667 0.5274088541666667 0.027604166666666652 0.09479166666666661
2 0.2831814236111111 0.5603298611111112 0.13255208333333335 0.526345486111111