2 0.013302951388888888 0.7352141203703704 0.026605902777777777 0.5256655092592593
2 0.11716579861111111 0.7031177662037037 0.16158854166666667 0.592896412037037
2 0.41942274305555555 0.6784215856481481 0.11888020833333335 0.5603587962962964
2 0.6318359375 0.6983289930555556 0.11250000000000004 0.5808159722222221
2 0.8599609374999999 0.6702763310185185 0.10323350694444455 0.5153284143518517
2 0.3376953125 0.6653573495370371 0.12293836805555558 0.5672236689814816
2 0.7347439236111111 0.6809678819444445 0.14086371527777786 0.6269169560185186
2 0.930078125 0.5906684027777778 0.09157986111111116 0.43029513888888893
2 0.8018012152777778 0.6511791087962964 0.08897569444444442 0.5327980324074075
2 0.2652126736111111 0.5438440393518519 0.04520399305555556 0.23271846064814805
2 0.28923611111111114 0.5612413194444444 0.04919704861111107 0.23665364583333326
2 0.5210503472222222 0.5429253472222222 0.044249131944444464 0.23368778935185186
2 0.1833767361111111 0.5356626157407407 0.03385416666666663 0.16135706018518525
2 0.5668836805555556 0.589453125 0.07298177083333335 0.3403284143518519
2 0.20223524305555557 0.5218532986111111 0.027756076388888884 0.15057146990740744
2 0.4806857638888889 0.5578703703703705 0.04926215277777779 0.23958333333333348
2 0.16108940972222224 0.48407841435185184 0.031011284722222254 0.12130353009259265
2 0.5598090277777777 0.5123697916666666 0.024978298611111116 0.11344762731481484
3 0.7220486111111111 0.2010127314814815 0.32152777777777786 0.402025462962963
3 0.2749348958333333 0.32603443287037037 0.1782552083333333 0.6398871527777779
3 0.3813151041666667 0.37211371527777776 0.07944878472222228 0.2359013310185185
3 0.5534288194444444 0.36009837962962965 0.08079427083333335 0.16463396990740742