2 0.4385850694444444 0.5914496527777778 0.07317708333333339 0.2900101273148148
2 0.2351779513888889 0.6727719907407408 0.15690104166666669 0.6544560185185184
2 0.33253038194444445 0.6850242332175926 0.13671875 0.6299515335648147
2 0.5565104166666666 0.5861328125 0.05707465277777768 0.2777633101851853
2 0.8477864583333334 0.6952293113425926 0.16532118055555545 0.6095413773148148
2 0.5262152777777778 0.6057725694444445 0.07788628472222214 0.33033130787037024
2 0.10846354166666666 0.5606409143518518 0.062261284722222254 0.24131221064814823
2 0.7333333333333334 0.7160951967592593 0.16493055555555536 0.5678096064814815
2 0.38350694444444444 0.5508391203703704 0.050651041666666674 0.2207465277777776
2 0.9090494791666667 0.6200810185185185 0.06202256944444451 0.30157696759259256
2 0.04962022569444444 0.679931640625 0.09924045138888889 0.64013671875
2 0.4139756944444445 0.527293113425926 0.03172743055555549 0.1450231481481481
2 0.6225043402777778 0.5356047453703704 0.025542534722222232 0.1152560763888888
2 0.6646267361111111 0.53671875 0.030425347222222232 0.1157262731481481
2 0.20460069444444445 0.5600911458333333 0.05062934027777777 0.242136863425926
2 0.4828125 0.5231336805555555 0.026714409722222276 0.09786603009259265
2 0.5910373263888888 0.5374782986111111 0.02484809027777768 0.09963107638888902
2 0.6390625000000001 0.5381799768518518 0.024175347222222143 0.1063729745370372
2 0.6843315972222223 0.5346932870370371 0.024001736111111116 0.1024667245370372
3 0.7412977430555556 0.24595630787037037 0.32400173611111116 0.3763961226851852
3 0.5768663194444444 0.3929253472222222 0.06482204861111107 0.16765769675925923
3 0.4071180555555556 0.37265625 0.07886284722222214 0.1991536458333334
3 0.312890625 0.2419704861111111 0.19062500000000004 0.4384259259259259