2 0.6631004050925926 0.5705946180555556 0.12959346064814814 0.4510633680555556
2 0.5317274305555555 0.540234375 0.06084346064814827 0.23908420138888875
2 0.73125 0.5387369791666666 0.07539785879629646 0.2666883680555556
2 0.8625795717592593 0.5309244791666666 0.09063223379629637 0.31963975694444446
2 0.588744212962963 0.5614800347222222 0.12241753472222228 0.43823784722222214
2 0.8203920717592592 0.5582899305555555 0.09353298611111116 0.3382161458333335
2 0.3281467013888889 0.6064236111111111 0.15101273148148153 0.4603081597222223
2 0.25536747685185185 0.5747612847222222 0.12232349537037035 0.46551649305555554
2 0.41333912037037035 0.587890625 0.14418402777777772 0.48841145833333344
2 0.993115234375 0.5354600694444445 0.013769531249999911 0.16477864583333335
2 0.15831886574074075 0.5827907986111112 0.14033564814814814 0.4513020833333332