2 0.6342013888888889 0.5225911458333333 0.09364149305555558 0.4598958333333334
2 0.29013310185185187 0.5669921875 0.11591435185185184 0.4486979166666667
2 0.4901620370370371 0.4990234375 0.05075231481481479 0.26484375000000004
2 0.16961805555555556 0.5360026041666667 0.07039207175925927 0.3393229166666667
2 0.532957175925926 0.5078776041666666 0.06383825231481488 0.2920572916666666
2 0.3890697337962963 0.5399088541666667 0.10865162037037035 0.4852864583333334
2 0.7818938078703703 0.4971354166666667 0.06718750000000018 0.32057291666666665
2 0.7147858796296296 0.4830729166666667 0.02947048611111125 0.14537760416666667
2 0.9794053819444444 0.4673828125 0.02697482638888893 0.17447916666666674
2 0.06470269097222223 0.5717447916666667 0.12940538194444445 0.7012369791666666
2 0.8271629050925926 0.470703125 0.06718749999999996 0.32057291666666665