2 0.568359375 0.5634765625 0.1904296875 0.8720703125
2 0.1953125 0.5556640625 0.0615234375 0.369140625
2 0.744140625 0.5341796875 0.08984375 0.4677734375
2 0.4228515625 0.5458984375 0.046875 0.2841796875
2 0.3896484375 0.541015625 0.0400390625 0.265625
2 0.3408203125 0.5341796875 0.041015625 0.21484375
2 0.236328125 0.537109375 0.037109375 0.1796875
2 0.8740234375 0.52734375 0.0546875 0.2451171875
2 0.267578125 0.5302734375 0.0283203125 0.150390625
2 0.4951171875 0.5244140625 0.03515625 0.208984375
2 0.9853515625 0.544921875 0.029296875 0.3544921875
2 0.1494140625 0.5390625 0.01953125 0.10546875
2 0.1083984375 0.52734375 0.0283203125 0.1298828125
2 0.3125 0.529296875 0.0166015625 0.1142578125
2 0.1630859375 0.537109375 0.015625 0.099609375
2 0.091796875 0.533203125 0.015625 0.0654296875
2 0.0712890625 0.53125 0.01171875 0.056640625
2 0.0771484375 0.5185546875 0.01171875 0.0302734375
2 0.8623046875 0.447265625 0.0283203125 0.080078125
2 0.2255859375 0.4677734375 0.0087890625 0.013671875
2 0.13671875 0.50390625 0.01171875 0.033203125
2 0.474609375 0.44140625 0.0126953125 0.0576171875
2 0.3271484375 0.49609375 0.01953125 0.0751953125
2 0.4423828125 0.4873046875 0.015625 0.0693359375
2 0.060546875 0.53125 0.0107421875 0.0576171875
2 0.0390625 0.53515625 0.0087890625 0.0693359375