2 0.441015625 0.5532552083333333 0.11705729166666656 0.4725260416666668
2 0.5716145833333333 0.5111979166666667 0.05364583333333339 0.2505208333333333
2 0.36471354166666664 0.5269531249999999 0.06822916666666667 0.2796875000000001
2 0.227734375 0.5321614583333334 0.08261718750000002 0.3350911458333332
2 0.5164713541666667 0.5374348958333334 0.1103515625 0.4594401041666667
2 0.2763671875 0.5554036458333333 0.08483072916666667 0.35371093750000004
2 0.7936197916666666 0.56015625 0.1391927083333333 0.48372395833333326
2 0.8636067708333333 0.5211588541666666 0.10930989583333339 0.48756510416666665
2 0.7016276041666667 0.5486328125 0.1313802083333333 0.5123697916666665
2 0.07493489583333333 0.5501953125 0.044531249999999994 0.17213541666666665
2 0.9505859375 0.5202473958333333 0.09882812500000004 0.47330729166666674