2 0.7618489583333333 0.6089554398148148 0.219675925925926 0.7082465277777779
2 0.6405671296296296 0.6141782407407408 0.24348958333333348 0.7135416666666665
3 0.7830656828703704 0.2029314959490741 0.31701388888888893 0.4058629918981482
2 0.8566840277777777 0.441283275462963 0.07951388888888888 0.26105324074074066
2 0.491087962962963 0.5611617476851852 0.13784722222222223 0.4130714699074074
2 0.16687644675925925 0.49885706018518516 0.0788773148148148 0.27460937500000004
2 0.11509693287037037 0.48130063657407407 0.0830295138888889 0.28747829861111107
2 0.21613136574074074 0.4595992476851852 0.0842303240740741 0.2797815393518518
2 0.2515118634259259 0.4496455439814815 0.05125868055555549 0.1894675925925926
2 0.5298538773148148 0.45377604166666663 0.06916232638888897 0.23422309027777777
2 0.9455005787037036 0.5775462962962963 0.10899884259259274 0.7384548611111112
2 0.39433593749999996 0.45394965277777777 0.061328124999999956 0.2133680555555555
2 0.3398726851851852 0.4493200231481482 0.05790653935185186 0.18791956018518519
2 0.4485894097222222 0.4360026041666667 0.054376446759259234 0.19159432870370363
2 0.11204427083333333 0.6739800347222222 0.15600405092592592 0.6520399305555555
2 0.3080946180555556 0.4354890046296296 0.040921585648148184 0.13253761574074074
2 0.9482204861111112 0.3209490740740741 0.04784432870370381 0.08342737268518519
2 0.4092809606481481 0.4255642361111111 0.0370732060185186 0.14299045138888888
2 0.0671657986111111 0.4527126736111111 0.06391782407407409 0.19992766203703694
2 0.830078125 0.34857494212962964 0.036877893518518556 0.09054542824074074
3 0.34934895833333335 0.2738444010416667 0.21520543981481477 0.5476888020833334
3 0.45177951388888893 0.28554687500000003 0.09495081018518525 0.26002604166666665
3 0.6209490740740741 0.26766493055555557 0.09189814814814823 0.1879918981481481
0 0.28684172453703705 0.612550636574074 0.057132523148148096 0.1597149884259259