2 0.333984375 0.5174479166666667 0.044921875 0.24877748842592595
2 0.1787109375 0.5067491319444445 0.0546875 0.2388310185185185
2 0.2939453125 0.508326099537037 0.0361328125 0.2089988425925926
2 0.5458984375 0.5454571759259259 0.0615234375 0.31165364583333344
2 0.3896484375 0.5483506944444444 0.0634765625 0.40165653935185186
2 0.1103515625 0.49434317129629635 0.0419921875 0.1723668981481481
2 0.474609375 0.5347656249999999 0.0341796875 0.19614438657407396
2 0.07421875 0.48456307870370374 0.0224609375 0.12585358796296298
2 0.7236328125 0.5462673611111111 0.0703125 0.3983072916666668
2 0.8056640625 0.5480685763888888 0.04296875 0.27596209490740753
2 0.146484375 0.49435763888888884 0.02734375 0.16336082175925926
2 0.0498046875 0.49722222222222223 0.0244140625 0.0996455439814814
2 0.25 0.5389250578703704 0.1142578125 0.5532552083333333