2 0.6040943287037037 0.5963179976851851 0.11411313657407396 0.3627314814814815
2 0.34010416666666665 0.5157407407407407 0.07400896990740735 0.23745659722222223
2 0.0959056712962963 0.5326388888888889 0.11833767361111111 0.42214265046296306
2 0.4798538773148148 0.5280960648148147 0.06956741898148155 0.2506510416666665
2 0.1435546875 0.5345847800925926 0.08642939814814815 0.34788773148148144
2 0.8766999421296295 0.5265407986111111 0.07060908564814827 0.24202112268518516
2 0.6342158564814815 0.531958912037037 0.07196180555555554 0.26440248842592595
2 0.28880208333333335 0.699925853587963 0.2225766782407408 0.600148292824074
2 0.18995225694444445 0.5151258680555555 0.07590422453703705 0.2744068287037038
2 0.3640407986111111 0.4944516782407407 0.06306423611111112 0.23462818287037035
2 0.7035011574074074 0.6024811921296296 0.10014467592592591 0.3867693865740742
2 0.43523582175925923 0.5273654513888889 0.07445023148148144 0.251048900462963
2 0.9270616319444445 0.6684244791666667 0.14587673611111107 0.6631510416666666
2 0.4046947337962963 0.5316550925925926 0.06508246527777772 0.2260778356481481
2 0.5152777777777777 0.5242042824074075 0.07162181712962967 0.25178674768518516
3 0.7522641782407408 0.22300347222222222 0.34144241898148153 0.35123697916666663
3 0.2773654513888889 0.23756510416666668 0.23724681712962958 0.44829282407407406
3 0.40575086805555555 0.3177445023148148 0.12125289351851853 0.23549623842592593
3 0.5794487847222223 0.34932725694444444 0.10373263888888884 0.1972728587962963