2 0.4013671875 0.541015625 0.0380859375 0.20703125
2 0.2216796875 0.5400390625 0.0625 0.2421875
2 0.546875 0.544921875 0.0478515625 0.25
2 0.2822265625 0.5283203125 0.0283203125 0.1845703125
2 0.1552734375 0.5322265625 0.029296875 0.1484375
2 0.1279296875 0.5341796875 0.0302734375 0.1376953125
2 0.3330078125 0.5654296875 0.0869140625 0.544921875
2 0.4892578125 0.5419921875 0.0302734375 0.173828125
2 0.5869140625 0.5498046875 0.0322265625 0.1962890625
2 0.7109375 0.5361328125 0.0556640625 0.3095703125
2 0.1875 0.533203125 0.0263671875 0.146484375
2 0.7744140625 0.5244140625 0.0458984375 0.25390625
2 0.9775390625 0.5498046875 0.033203125 0.248046875