2 0.5732421875 0.5771484375 0.095703125 0.4873046875
2 0.6806640625 0.53515625 0.04296875 0.2470703125
2 0.7451171875 0.5771484375 0.0751953125 0.41015625
2 0.791015625 0.515625 0.05859375 0.310546875
2 0.1455078125 0.61328125 0.115234375 0.51171875
2 0.3291015625 0.572265625 0.0595703125 0.369140625
2 0.9462890625 0.5458984375 0.0302734375 0.154296875
2 0.390625 0.5673828125 0.05078125 0.388671875
2 0.4599609375 0.5625 0.10546875 0.548828125
2 0.91015625 0.5400390625 0.0205078125 0.099609375
2 0.2626953125 0.595703125 0.1279296875 0.5478515625