2 0.5400390625 0.572265625 0.060546875 0.357421875
2 0.4833984375 0.5712890625 0.0654296875 0.3359375
2 0.3115234375 0.578125 0.0703125 0.376953125
2 0.38671875 0.5908203125 0.0673828125 0.3408203125
2 0.6064453125 0.529296875 0.04296875 0.2197265625
2 0.751953125 0.615234375 0.0693359375 0.3583984375
2 0.8115234375 0.5224609375 0.037109375 0.2021484375
2 0.1611328125 0.693359375 0.1435546875 0.611328125
2 0.8466796875 0.533203125 0.037109375 0.181640625
2 0.9658203125 0.603515625 0.0673828125 0.359375
2 0.6494140625 0.529296875 0.0341796875 0.2001953125
2 0.6806640625 0.599609375 0.0703125 0.3837890625
2 0.0361328125 0.6572265625 0.0693359375 0.677734375
2 0.4423828125 0.490234375 0.017578125 0.11328125
2 0.583984375 0.4755859375 0.0166015625 0.0888671875
2 0.3642578125 0.4345703125 0.029296875 0.0673828125
2 0.4169921875 0.498046875 0.0263671875 0.1337890625
2 0.2109375 0.4521484375 0.048828125 0.125
3 0.255859375 0.205078125 0.2705078125 0.41015625
3 0.68359375 0.3095703125 0.15625 0.619140625
3 0.4189453125 0.353515625 0.080078125 0.1689453125
3 0.583984375 0.33984375 0.072265625 0.1884765625