2 0.4085358796296297 0.5164641203703704 0.24011140046296298 0.9015263310185184
2 0.7867693865740741 0.4742115162037037 0.08194444444444438 0.3810185185185184
2 0.2302662037037037 0.5064236111111111 0.11645688657407405 0.484425636574074
2 0.5558810763888888 0.4857566550925926 0.06283998842592586 0.29367042824074074
2 0.5903139467592593 0.4775824652777778 0.05504195601851869 0.2744574652777778
2 0.6404730902777778 0.4659505208333333 0.052358217592592515 0.2226996527777778
2 0.7457899305555555 0.45872395833333335 0.04755497685185173 0.18628472222222214
2 0.09883535879629629 0.5113064236111111 0.0685763888888889 0.2543836805555555
2 0.714894386574074 0.45489728009259256 0.036219618055555625 0.15507089120370376
2 0.4837528935185186 0.47132523148148153 0.04712094907407405 0.2153935185185185
2 0.00435474537037037 0.5387225115740741 0.00870949074074074 0.3639612268518517
2 0.8345558449074074 0.45211950231481485 0.02510127314814814 0.10930266203703709
2 0.8771556712962963 0.43635706018518516 0.0361328125 0.13465711805555558
2 0.6699725115740741 0.45922309027777775 0.022627314814814836 0.11780960648148153
2 0.8209852430555555 0.4514829282407407 0.020891203703703676 0.1030671296296296
2 0.8934027777777778 0.4415943287037037 0.019068287037037113 0.0679108796296296
2 0.9150390625 0.43659577546296297 0.015682870370370416 0.05883969907407405
2 0.9098379629629629 0.4244646990740741 0.013339120370370328 0.03237847222222223
2 0.11480758101851851 0.4281467013888889 0.03355034722222222 0.08485243055555558
2 0.7611038773148149 0.3882595486111111 0.009497974537036935 0.014518229166666674
2 0.8490740740740741 0.41574074074074074 0.013440393518518556 0.03433159722222223
2 0.5095920138888889 0.3852719907407407 0.01573350694444442 0.05981626157407405
2 0.6571469907407408 0.42547743055555554 0.02348090277777759 0.07805266203703698
2 0.5394386574074074 0.4280671296296297 0.020247395833333348 0.07191116898148153
2 0.92578125 0.4355613425925926 0.01378038194444442 0.059628182870370416
2 0.9470630787037037 0.4373987268518519 0.013411458333333348 0.0712528935185186