2 0.40889756944444444 0.4662326388888889 0.05178674768518521 0.2685546875
2 0.6274739583333333 0.4526475694444444 0.05169270833333339 0.23250868055555562
2 0.7358723958333333 0.4430121527777778 0.06017071759259274 0.25566406250000007
2 0.6937065972222223 0.45260416666666664 0.054738136574074225 0.23667534722222217
2 0.5232421875 0.45314670138888885 0.06177662037037024 0.2441189236111111
2 0.4526692708333333 0.4681857638888889 0.05241608796296293 0.2569227430555556
2 0.3111617476851852 0.4447265625 0.03292100694444444 0.15779079861111112
2 0.3375289351851852 0.4423828125 0.03585069444444444 0.15805121527777777
2 0.6610532407407408 0.4370008680555556 0.0435619212962961 0.22107204861111107
2 0.3754340277777778 0.4779730902777778 0.051265914351851904 0.2509765625
2 0.07296911168981482 0.6255208333333333 0.14593822337962964 0.7471354166666666
2 0.9332754629629629 0.5851996527777779 0.10940393518518521 0.6681423611111112
2 0.8793113425925926 0.4341579861111111 0.0532407407407407 0.21901041666666665
2 0.5864583333333333 0.45629340277777775 0.046491608796296324 0.22133246527777772
2 0.4854528356481482 0.4136501736111111 0.026504629629629628 0.10559895833333333
3 0.25504195601851853 0.3182237413194444 0.2896918402777777 0.6364474826388888
3 0.6183232060185185 0.26840277777777777 0.07445023148148144 0.2773871527777778
3 0.44440827546296297 0.28678385416666663 0.09755497685185188 0.20249565972222228
3 0.7294560185185186 0.2689887152777778 0.1953848379629628 0.5379774305555556
0 0.8163483796296296 0.5868272569444445 0.05797164351851869 0.18144531249999996